50182351,0.04,-9.09,-5.46,-2729.00,2901.00,-150.00,0.36,-0.65,-0.59,0.31,101795.02,25.23,37.65,
50211040,0.42,-8.14,-5.52,-2503.00,1978.00,-386.00,0.35,-0.67,-0.59,0.27,101784.63,26.09,37.67,
50234230,0.81,-6.85,-5.13,-3791.00,2633.00,-1920.00,0.35,-0.68,-0.61,0.21,101799.83,25.06,37.65,
50258389,1.98,-5.94,-6.04,-4865.00,4064.00,-2788.00,0.34,-0.69,-0.62,0.12,101795.83,25.16,37.64,
50284479,2.46,-5.64,-7.51,-4342.00,4716.00,-3595.00,0.34,-0.69,-0.64,0.02,101783.81,26.15,37.65,
50309431,3.61,-5.40,-7.75,-4103.00,4126.00,-4765.00,0.34,-0.67,-0.65,-0.05,101787.43,25.85,37.65,
50335215,5.68,-1.45,-6.92,-3605.00,3298.00,-4954.00,0.33,-0.64,-0.68,-0.14,101787.43,25.85,37.64,
50360999,7.64,0.36,-5.34,-4323.00,2524.00,-4727.00,0.32,-0.60,-0.70,-0.23,101783.81,25.92,37.76,
50386514,8.01,-1.24,-6.66,-5088.00,3435.00,-3864.00,0.29,-0.57,-0.70,-0.32,101810.59,23.94,37.74,
50412864,8.54,2.48,-7.16,-4190.00,3336.00,-3283.00,0.27,-0.54,-0.69,-0.41,101801.80,24.66,37.72,
50437819,9.19,4.94,-4.89,-2134.00,1936.00,-2383.00,0.26,-0.50,-0.68,-0.47,101810.56,23.94,37.70,
50463339,9.41,5.67,-4.33,-2279.00,1891.00,-1953.00,0.25,-0.48,-0.67,-0.51,101793.38,24.90,37.85,
50488860,8.94,5.10,-4.71,-2463.00,3131.00,-2449.00,0.24,-0.45,-0.66,-0.55,101825.75,22.68,37.86,
50514379,8.60,5.35,-2.44,-1863.00,2191.00,-1564.00,0.23,-0.41,-0.65,-0.60,101832.91,22.09,37.85,
50540471,7.11,4.18,-0.73,-2021.00,1529.00,-954.00,0.23,-0.39,-0.63,-0.63,101828.55,22.22,37.70,
50565162,7.57,7.82,-0.37,-2732.00,1099.00,-1824.00,0.22,-0.37,-0.60,-0.67,101798.23,24.96,37.71,
50590681,7.74,8.86,-0.99,-1986.00,806.00,-2281.00,0.19,-0.34,-0.59,-0.70,101800.60,24.76,37.74,
50615946,8.02,7.10,0.21,-565.00,743.00,-1901.00,0.18,-0.32,-0.59,-0.72,101802.59,24.60,37.76,
50640681,7.51,6.17,0.15,-335.00,-113.00,-252.00,0.17,-0.32,-0.59,-0.72,101810.59,23.94,37.79,
50665988,6.38,6.19,-0.27,-727.00,-238.00,157.00,0.17,-0.32,-0.59,-0.72,101816.16,23.48,37.80,
50690162,5.97,7.94,0.20,-746.00,-653.00,-986.00,0.16,-0.33,-0.58,-0.73,101823.34,22.88,37.83,
50718337,5.04,7.94,-0.40,-303.00,-178.00,-2067.00,0.14,-0.32,-0.59,-0.73,101824.55,22.78,37.66,
50741521,4.71,7.39,0.11,-536.00,-1713.00,-2140.00,0.10,-0.31,-0.59,-0.74,101787.00,25.89,37.66,
50765423,5.11,6.53,-0.26,-534.00,-1680.00,-2225.00,0.07,-0.31,-0.60,-0.74,101801.00,24.73,37.68,
50790942,4.99,6.82,0.06,-188.00,-1481.00,-2383.00,0.03,-0.30,-0.61,-0.73,101803.44,24.53,37.70,
50816771,4.76,8.54,-0.17,73.00,-838.00,-2672.00,0.01,0.29,0.62,0.73,101798.23,24.96,37.64,
50840163,4.08,9.65,-0.05,256.00,-43.00,-2335.00,0.02,0.27,0.63,0.73,101797.81,24.99,37.74,
50864118,4.20,8.71,-1.38,711.00,49.00,-1750.00,0.04,0.26,0.64,0.72,101810.20,23.97,37.76,
50887816,4.02,8.26,-1.64,1341.00,-207.00,-1329.00,0.05,0.25,0.66,0.71,101816.19,23.47,37.78,
50912297,4.12,8.79,-0.62,1727.00,-590.00,-916.00,0.05,0.25,0.67,0.69,101805.38,24.37,37.80,
50937083,3.43,9.25,-0.50,1633.00,-551.00,-467.00,0.06,0.25,0.69,0.68,101823.34,22.88,37.82,
50960735,2.99,9.63,-1.20,1350.00,290.00,56.00,0.05,0.24,0.71,0.66,101825.72,22.68,37.84,
50984170,2.81,8.98,-1.58,1066.00,318.00,276.00,0.04,0.24,0.72,0.65,101829.73,22.35,37.86,
51007869,2.64,8.70,-1.89,829.00,-30.00,288.00,0.04,0.25,0.72,0.65,101832.09,22.16,37.86,
51031305,2.67,9.61,-1.66,820.00,-635.00,-70.00,0.04,0.25,0.73,0.64,101829.30,22.39,37.84,
51055007,2.44,8.69,-1.64,631.00,-712.00,-407.00,0.04,0.25,0.74,0.63,101823.31,22.88,37.82,
51079530,2.34,8.55,-2.34,156.00,-398.00,-541.00,0.05,0.25,0.74,0.62,101826.53,22.62,37.79,
51102922,2.21,8.45,-2.73,-109.00,131.00,-754.00,0.05,0.25,0.74,0.62,101821.75,23.01,37.77,
51126877,2.67,9.65,-2.82,75.00,248.00,-958.00,0.06,0.23,0.74,0.62,101814.95,23.57,37.74,
51150317,2.73,10.09,-2.54,362.00,73.00,-751.00,0.06,0.22,0.75,0.62,101810.98,23.90,37.73,
51174012,2.80,10.35,-2.69,314.00,-395.00,-95.00,0.06,0.22,0.75,0.62,101809.39,24.03,37.70,
51198545,2.57,9.44,-3.11,103.00,-286.00,621.00,0.06,0.23,0.75,0.61,101801.78,24.67,37.69,
51225105,2.26,8.65,-3.25,64.00,-357.00,691.00,0.06,0.24,0.75,0.61,101802.20,24.63,37.67,
51246470,2.04,8.88,-2.65,194.00,-344.00,428.00,0.06,0.25,0.75,0.61,101797.03,25.06,37.64,
51268804,1.82,8.95,-2.21,125.00,-600.00,35.00,0.06,0.25,0.75,0.61,101797.03,25.06,37.64,
51292243,2.00,10.28,-2.65,-360.00,-505.00,-180.00,0.06,0.25,0.75,0.61,101797.81,24.99,37.64,
51316724,1.95,10.00,-2.82,-479.00,58.00,-151.00,0.07,0.25,0.75,0.61,101792.22,25.46,37.64,
51341247,2.36,8.80,-3.02,-487.00,157.00,-46.00,0.07,0.25,0.74,0.62,101802.63,24.59,37.63,
51364379,1.88,8.93,-2.70,-83.00,-40.00,-125.00,0.07,0.25,0.74,0.62,101796.25,25.12,37.63,
51388080,2.01,10.21,-2.78,-150.00,0.00,-308.00,0.07,0.24,0.74,0.62,101793.45,25.35,37.64,
51411774,1.81,10.33,-2.55,-263.00,-270.00,-219.00,0.07,0.24,0.74,0.62,101785.84,25.99,37.64,
51436258,2.29,9.10,-2.80,-108.00,-208.00,-89.00,0.07,0.24,0.74,0.62,101800.62,24.76,37.64,
51460215,2.33,8.67,-2.66,-126.00,-2.00,144.00,0.07,0.24,0.74,0.62,101795.02,25.23,37.64,
51484219,2.25,9.32,-2.26,-38.00,-34.00,158.00,0.07,0.24,0.74,0.62,101795.02,25.23,37.64,
51507086,2.23,9.49,-2.92,58.00,10.00,86.00,0.07,0.25,0.74,0.62,101795.02,25.23,37.64,
51529740,2.51,9.03,-3.17,13.00,80.00,287.00,0.06,0.25,0.74,0.62,101799.83,24.59,37.66,
51552662,2.70,9.04,-2.78,306.00,-227.00,549.00,0.06,0.25,0.74,0.62,101800.22,24.33,37.68,
51576356,2.76,9.26,-3.11,435.00,-227.00,549.00,0.05,0.26,0.74,0.62,101797.84,24.99,37.82,
51600637,2.42,8.65,-2.59,267.00,-491.00,325.00,0.05,0.27,0.74,0.61,101817.32,23.38,37.80,
51623756,2.84,8.65,-3.37,242.00,-170.00,182.00,0.05,0.27,0.74,0.61,101814.16,23.64,37.77,
51647451,3.00,8.60,-3.35,194.00,345.00,138.00,0.05,0.27,0.75,0.61,101823.35,22.88,37.75,
51670889,2.83,9.35,-2.83,346.00,26.00,40.00,0.04,0.27,0.75,0.61,101804.18,24.47,37.73,
51693808,2.83,9.04,-2.65,392.00,-170.00,-86.00,0.04,0.27,0.75,0.60,101809.39,24.03,37.71,
51717506,2.94,8.87,-2.51,191.00,-186.00,-238.00,0.04,0.27,0.75,0.60,101809.00,24.07,37.69,
51750367,3.41,9.31,-3.32,-296.00,314.00,-139.00,0.04,0.26,0.75,0.60,101794.62,25.26,37.63,
51768718,4.00,9.60,-3.40,-210.00,505.00,575.00,0.03,0.26,0.75,0.61,101793.45,25.35,37.65,
51789121,3.51,9.85,-2.64,170.00,264.00,966.00,0.02,0.27,0.75,0.61,101795.83,25.16,37.64,
51812558,3.60,9.99,-2.39,448.00,-660.00,1317.00,0.02,0.28,0.75,0.60,101799.83,24.83,37.63,
51836512,3.92,8.82,-2.97,446.00,-416.00,1574.00,0.00,0.30,0.74,0.60,101799.05,24.89,37.62,
51860476,3.53,8.28,-3.54,57.00,237.00,1113.00,0.01,-0.31,-0.74,-0.60,101791.83,25.49,37.63,
51885262,4.28,8.47,-3.09,-220.00,560.00,658.00,0.02,-0.31,-0.74,-0.60,101793.45,25.35,37.64,
51909169,4.59,9.59,-2.45,-46.00,51.00,982.00,0.03,-0.31,-0.73,-0.60,101794.23,25.29,37.64,
51933132,4.44,8.60,-2.61,367.00,-500.00,1788.00,0.04,-0.33,-0.73,-0.60,101786.62,25.92,37.65,
51957873,4.51,7.64,-2.29,533.00,-474.00,2381.00,0.05,-0.36,-0.72,-0.59,101784.63,25.39,37.64,
51982607,5.04,7.84,-2.35,183.00,-45.00,2293.00,0.07,-0.38,-0.71,-0.59,101786.62,25.92,37.65,
52007656,4.71,7.80,-2.72,-300.00,991.00,1127.00,0.09,-0.38,-0.70,-0.59,101799.44,24.86,37.64,
52031830,4.63,8.10,-2.58,57.00,1029.00,606.00,0.10,-0.38,-0.70,-0.60,101797.81,24.99,37.64,
52056047,5.72,7.35,-3.27,430.00,779.00,648.00,0.12,-0.38,-0.69,-0.60,101797.03,25.06,37.65,
52080263,6.07,6.58,-3.67,885.00,264.00,789.00,0.13,-0.38,-0.70,-0.59,101804.23,24.46,37.65,
52104484,6.35,6.69,-3.91,1237.00,-211.00,703.00,0.15,-0.39,-0.70,-0.58,101798.62,24.93,37.64,
52129796,5.82,6.51,-3.65,1710.00,-1231.00,579.00,0.15,-0.39,-0.71,-0.56,101794.23,25.29,37.64,
52154222,5.59,6.22,-3.51,1765.00,-1214.00,502.00,0.15,-0.41,-0.72,-0.54,101802.63,24.59,37.65,
52179227,5.88,5.88,-3.65,1280.00,-923.00,282.00,0.15,-0.41,-0.73,-0.52,101801.42,24.69,37.64,
52203964,5.94,5.22,-4.16,1066.00,-812.00,102.00,0.15,-0.42,-0.74,-0.50,101797.81,24.99,37.65,
52228706,5.48,4.93,-4.80,1005.00,-728.00,-119.00,0.15,-0.42,-0.75,-0.48,101795.83,25.16,37.64,
52256939,5.17,5.00,-5.34,754.00,-719.00,-406.00,0.15,-0.42,-0.76,-0.47,101795.02,25.23,37.66,
52280366,5.79,7.00,-5.07,609.00,-583.00,-689.00,0.14,-0.41,-0.77,-0.47,101803.80,24.50,37.64,
52303180,5.91,6.63,-4.91,400.00,-369.00,-522.00,0.14,-0.41,-0.77,-0.46,101792.22,25.46,37.64,
52327925,6.14,6.54,-4.91,-44.00,-184.00,-126.00,0.13,-0.41,-0.78,-0.46,101795.02,25.23,37.64,
52352662,5.95,6.55,-5.17,-223.00,-61.00,87.00,0.13,-0.41,-0.78,-0.46,101797.81,24.99,37.64,
52376877,5.97,6.31,-5.10,-51.00,-92.00,82.00,0.13,-0.41,-0.77,-0.46,101795.02,25.23,37.64,
52401406,6.13,6.91,-5.26,20.00,-342.00,71.00,0.13,-0.41,-0.77,-0.46,101795.02,25.23,37.64,
52424797,6.02,6.85,-5.79,11.00,42.00,98.00,0.13,-0.41,-0.77,-0.46,101788.63,25.75,37.64,
52448231,6.61,7.42,-6.19,174.00,-100.00,210.00,0.13,-0.41,-0.77,-0.46,101794.23,25.29,37.63,
52472712,7.04,7.53,-6.24,292.00,-194.00,472.00,0.14,-0.42,-0.77,-0.46,101784.25,26.12,37.63,
52497191,6.57,6.38,-6.36,209.00,-440.00,898.00,0.14,-0.42,-0.77,-0.45,101799.05,24.89,37.62,
52521671,6.54,6.99,-6.46,369.00,-251.00,986.00,0.14,-0.44,-0.77,-0.45,101794.62,25.26,37.63,
52546719,7.28,6.78,-5.93,664.00,-691.00,1072.00,0.15,-0.45,-0.77,-0.44,101793.45,25.35,37.63,
52570889,7.27,6.01,-5.98,608.00,-898.00,1280.00,0.15,-0.46,-0.76,-0.42,101798.24,24.96,37.62,
52595630,6.26,4.36,-6.69,932.00,-1001.00,1361.00,0.16,-0.48,-0.76,-0.40,101794.62,25.26,37.62,
52620631,5.86,4.14,-6.72,910.00,-650.00,954.00,0.16,-0.49,-0.76,-0.39,101788.25,25.79,37.63,
52645107,6.03,3.77,-6.10,1045.00,-875.00,752.00,0.17,-0.50,-0.76,-0.38,101792.64,25.19,37.62,
52670421,5.83,2.81,-6.45,797.00,-764.00,420.00,0.17,-0.51,-0.76,-0.36,101791.83,25.49,37.62,
52694327,5.91,2.69,-6.33,1082.00,-930.00,88.00,0.17,-0.51,-0.77,-0.34,101793.84,25.32,37.61,
52718806,6.25,3.25,-6.67,1365.00,-1175.00,-62.00,0.17,-0.52,-0.78,-0.32,101787.44,25.85,37.61,
52743808,6.51,3.57,-6.87,1751.00,-1419.00,197.00,0.16,-0.52,-0.79,-0.29,101790.23,25.62,37.61,
52772167,6.32,2.95,-7.19,1873.00,-1805.00,411.00,0.16,-0.53,-0.79,-0.26,101787.44,25.85,37.61,
52794809,4.94,1.25,-7.76,1713.00,-2048.00,347.00,0.16,-0.53,-0.80,-0.24,101801.43,24.69,37.61,
52819376,4.91,2.84,-8.55,2429.00,-2152.00,164.00,0.15,-0.53,-0.81,-0.20,101790.23,25.85,37.61,
52843810,5.14,2.67,-9.29,2996.00,-2639.00,179.00,0.14,-0.54,-0.82,-0.15,101790.23,25.39,37.60,
52868810,4.08,1.57,-8.65,2830.00,-2356.00,247.00,0.14,-0.54,-0.83,-0.10,101785.84,25.99,37.61,
52893808,3.87,-0.06,-8.88,1951.00,-2256.00,631.00,0.13,-0.54,-0.83,-0.06,101793.03,25.39,37.60,
52919068,2.58,-1.79,-9.11,155.00,-1458.00,1191.00,0.12,-0.56,-0.82,-0.04,101787.86,25.82,37.61,
52944894,1.52,-1.23,-10.41,-1065.00,-223.00,849.00,0.11,-0.57,-0.81,-0.05,101787.44,25.85,37.60,
52969850,2.96,2.07,-11.19,-1004.00,916.00,-12.00,0.11,-0.57,-0.81,-0.06,101791.44,25.75,37.60,
52994849,3.57,1.14,-11.34,-226.00,618.00,619.00,0.12,-0.57,-0.81,-0.07,101790.66,25.59,37.61,
53019586,2.56,-1.31,-11.15,-1210.00,1022.00,1509.00,0.12,-0.59,-0.80,-0.09,101792.25,25.45,37.60,
53045370,2.24,-1.08,-9.66,-3386.00,1718.00,1581.00,0.12,-0.61,-0.78,-0.12,101791.44,25.52,37.60,
53071457,3.00,1.31,-10.20,-3864.00,2451.00,864.00,0.11,-0.62,-0.75,-0.18,101797.04,25.06,37.61,
53096149,3.13,3.17,-9.81,-2848.00,1948.00,37.00,0.11,-0.62,-0.74,-0.24,101789.45,25.69,37.62,
53120891,3.16,3.16,-9.69,-2301.00,1739.00,-320.00,0.10,-0.62,-0.73,-0.28,101786.23,25.95,37.61,
53146151,2.64,0.59,-8.49,-3376.00,720.00,-95.00,0.08,-0.62,-0.72,-0.32,101793.03,25.39,37.61,
53170888,1.17,-1.46,-5.81,-4672.00,642.00,-184.00,0.06,-0.62,-0.70,-0.35,101786.66,25.92,37.61,
53196719,1.82,2.86,-6.63,-4965.00,4560.00,-3617.00,0.04,-0.58,-0.69,-0.43,101792.25,25.45,37.62,
53221675,3.95,7.98,-4.65,-3493.00,4493.00,-6802.00,0.01,-0.50,-0.70,-0.51,101797.42,25.03,37.61,
53247196,4.17,8.73,-5.03,-1967.00,3016.00,-6999.00,0.02,0.40,0.73,0.56,101795.05,25.45,37.68,
53275363,2.66,4.07,-5.76,-1170.00,2972.00,-5581.00,0.05,0.31,0.75,0.58,101806.98,24.23,37.67,
53298033,2.26,13.32,-5.79,-501.00,3654.00,-4696.00,0.05,0.23,0.77,0.60,101804.61,24.43,37.64,
53321414,2.39,17.59,-2.00,789.00,2420.00,-4084.00,0.06,0.16,0.78,0.60,101797.81,24.99,37.62,
53346457,2.76,13.47,0.28,1855.00,106.00,-2715.00,0.07,0.13,0.80,0.58,101794.62,25.26,37.63,
53370107,1.46,8.11,-2.23,799.00,352.00,-1079.00,0.08,0.12,0.81,0.57,101792.64,25.42,37.62,
53394067,1.11,10.97,-3.42,-912.00,1853.00,-338.00,0.07,0.10,0.81,0.57,101791.83,25.49,37.63,
53418547,0.97,14.08,-1.85,-335.00,591.00,155.00,0.05,0.09,0.81,0.58,101792.64,25.42,37.62,
53442505,3.90,10.94,-4.90,1143.00,63.00,858.00,0.04,0.09,0.82,0.57,101800.22,24.79,37.64,
53466770,-2.59,8.09,-0.06,-836.00,19.00,-499.00,0.04,0.09,0.81,0.57,101791.44,25.52,37.64,
53490163,-0.62,9.56,-3.24,-238.00,-1194.00,-1263.00,0.06,0.09,0.81,0.58,101795.02,25.23,37.64,
53515164,1.96,9.02,-1.99,173.00,-1181.00,-526.00,0.07,0.09,0.81,0.58,101795.02,25.23,37.64,
53539382,2.49,9.90,-3.32,-753.00,-770.00,446.00,0.08,0.10,0.80,0.58,101800.62,24.76,37.64,
53563338,-1.14,10.01,-6.89,-880.00,1497.00,-1454.00,0.08,0.08,0.80,0.59,101786.62,25.92,37.65,
53588341,1.28,8.05,1.63,-2058.00,-526.00,-3158.00,0.09,0.05,0.79,0.61,101795.83,25.16,37.65,
53613385,-0.66,10.23,-8.96,-1173.00,-1042.00,54.00,0.13,0.05,0.77,0.62,101793.03,25.39,37.64,
53637560,1.06,8.13,-1.67,-800.00,-918.00,734.00,0.13,0.06,0.76,0.63,101795.02,25.92,37.66,
53661516,-0.27,11.19,-3.71,-596.00,-24.00,-340.00,0.13,0.06,0.76,0.63,101803.02,24.56,37.64,
53685996,-1.32,8.76,-1.84,-367.00,1201.00,-2776.00,0.14,0.04,0.76,0.64,101795.02,25.23,37.65,
53710737,-2.33,8.74,-2.46,697.00,1750.00,-4130.00,0.15,-0.02,0.77,0.62,101793.84,25.32,37.66,
53736042,-2.05,8.71,-1.50,870.00,197.00,-2996.00,0.17,-0.06,0.77,0.61,101789.80,25.66,37.67,
53759951,-1.25,8.80,-0.89,273.00,-760.00,-1775.00,0.19,-0.08,0.77,0.60,101801.81,24.66,37.66,
53788765,-2.44,9.90,-2.68,-966.00,-857.00,-605.00,0.21,-0.08,0.76,0.61,101789.02,25.72,37.70,
53810434,-3.05,6.06,-2.35,-1050.00,-137.00,-1173.00,0.21,-0.09,0.76,0.61,101798.98,24.90,37.66,
53834696,-4.20,6.33,-1.80,-230.00,558.00,-1658.00,0.22,-0.11,0.75,0.61,101792.61,25.42,37.66,
53859430,-5.64,8.76,-1.80,-77.00,704.00,-929.00,0.22,-0.13,0.75,0.61,101792.61,25.42,37.66,
53884218,-4.94,8.01,-1.71,-643.00,533.00,-609.00,0.22,-0.15,0.75,0.61,101789.80,25.66,37.67,
53908131,-5.34,7.32,-1.84,-795.00,489.00,-516.00,0.22,-0.16,0.74,0.61,101796.22,25.13,37.67,
53932607,-7.96,7.71,-2.64,-366.00,701.00,105.00,0.21,-0.17,0.74,0.62,101799.83,24.83,37.67,
53956826,-7.11,9.68,-1.97,233.00,729.00,176.00,0.20,-0.17,0.74,0.61,101796.22,25.13,37.67,
53980788,-5.26,8.94,-1.85,-241.00,509.00,-143.00,0.20,-0.18,0.75,0.61,101790.62,25.59,37.67,
54005836,-5.03,9.42,-1.87,-782.00,261.00,66.00,0.19,-0.18,0.74,0.62,101790.62,25.59,37.66,
54029226,-5.23,7.85,-1.84,-961.00,-86.00,490.00,0.18,-0.18,0.74,0.63,101789.80,25.66,37.67,
54053445,-5.93,7.77,-2.31,-355.00,-76.00,394.00,0.18,-0.18,0.73,0.63,101790.62,25.59,37.67,
54077663,-4.67,10.33,-1.95,152.00,371.00,-138.00,0.17,-0.18,0.73,0.63,101802.62,24.60,37.68,
54102139,-3.87,9.52,-2.09,-145.00,575.00,-523.00,0.17,-0.19,0.73,0.63,101792.24,25.45,37.67,
54126622,-3.54,8.64,-1.86,-894.00,254.00,-576.00,0.17,-0.20,0.72,0.64,101791.44,25.52,37.67,
54151670,-3.56,8.03,-1.57,-1015.00,55.00,-107.00,0.17,-0.20,0.72,0.64,101791.44,25.52,37.68,
54175580,-4.25,7.56,-1.87,-606.00,422.00,80.00,0.16,-0.21,0.71,0.65,101792.24,25.22,37.68,
54199538,-4.10,8.32,-1.51,-551.00,731.00,2.00,0.15,-0.22,0.71,0.65,101792.99,25.62,37.67,
54223231,-4.34,8.79,-1.24,-706.00,704.00,20.00,0.14,-0.23,0.71,0.66,101791.44,25.52,37.67,
54247194,-5.26,7.56,-1.41,-972.00,766.00,-24.00,0.13,-0.23,0.70,0.66,101787.82,25.82,37.68,
54271979,-5.67,7.00,-0.67,-651.00,609.00,-107.00,0.12,-0.24,0.69,0.67,101795.79,25.62,37.67,
54299320,-6.41,7.79,-1.00,-182.00,622.00,-210.00,0.12,-0.25,0.69,0.67,101791.44,25.52,37.68,
54321729,-5.51,8.23,-0.60,-194.00,723.00,-595.00,0.11,-0.26,0.69,0.67,101789.45,25.69,37.67,
54344848,-5.53,7.83,-0.51,-373.00,519.00,-747.00,0.11,-0.27,0.69,0.67,101785.83,25.99,37.68,
54369328,-6.30,7.84,-0.68,-396.00,276.00,-500.00,0.11,-0.28,0.68,0.67,101789.45,25.69,37.69,
54393810,-6.17,7.75,-0.40,-177.00,255.00,-510.00,0.12,-0.29,0.67,0.67,101793.80,25.33,37.71,
54418855,-6.19,7.86,-0.46,-152.00,318.00,-598.00,0.12,-0.30,0.67,0.67,101796.99,25.06,37.73,
54442768,-6.24,8.52,-0.38,-367.00,298.00,-334.00,0.12,-0.31,0.67,0.67,101805.78,24.33,37.75,
54467244,-6.84,7.81,-0.58,-571.00,43.00,75.00,0.11,-0.31,0.66,0.67,101806.17,24.30,37.78,
54490942,-7.20,7.53,-1.01,-387.00,27.00,120.00,0.11,-0.32,0.66,0.67,101808.96,24.07,37.79,
54514903,-5.94,7.64,-0.46,-84.00,158.00,-310.00,0.11,-0.32,0.66,0.68,101810.55,23.94,37.82,
54539684,-5.53,7.31,-0.09,-194.00,180.00,-352.00,0.11,-0.33,0.65,0.68,101811.72,23.84,37.84,
54563599,-5.86,7.39,0.13,-389.00,117.00,37.00,0.11,-0.33,0.65,0.68,101817.71,23.35,37.85,
54587293,-6.49,6.86,0.07,-486.00,-22.00,300.00,0.10,-0.33,0.65,0.68,101817.34,23.38,37.88,
54611257,-7.12,6.18,0.14,-373.00,-268.00,252.00,0.10,-0.33,0.64,0.69,101821.31,23.05,37.89,
54635471,-7.08,6.77,-0.02,-223.00,-310.00,102.00,0.10,-0.33,0.64,0.69,101825.71,22.68,37.89,
54659953,-6.05,7.64,-0.29,13.00,-104.00,-254.00,0.10,-0.33,0.64,0.69,101831.31,22.22,37.87,
54684739,-5.63,8.51,-0.07,-22.00,-127.00,-448.00,0.11,-0.33,0.64,0.69,101816.92,23.41,37.84,
54708653,-5.59,7.33,0.08,-188.00,-283.00,-390.00,0.11,-0.33,0.63,0.69,101815.72,23.51,37.82,
54733128,-6.55,7.14,0.39,57.00,-420.00,-231.00,0.12,-0.33,0.63,0.69,101818.14,23.31,37.81,
54757088,-6.92,6.37,0.42,308.00,-403.00,-261.00,0.12,-0.33,0.63,0.69,101810.16,23.97,37.81,
54781307,-7.87,6.65,0.11,285.00,-368.00,-289.00,0.13,-0.33,0.63,0.69,101813.74,23.67,37.76,
54810366,-7.65,5.84,0.36,-37.00,-585.00,-310.00,0.14,-0.33,0.63,0.69,101802.97,24.57,37.85,
54830748,-7.03,5.70,0.33,350.00,-578.00,-439.00,0.15,-0.33,0.62,0.69,101817.34,23.38,37.73,
54853963,-7.05,6.45,0.59,619.00,-553.00,-261.00,0.16,-0.33,0.63,0.69,101794.58,25.26,37.89,
54878182,-7.13,5.99,0.37,585.00,-588.00,-2.00,0.16,-0.33,0.63,0.69,101822.91,22.92,37.68,
54901879,-7.58,6.75,-0.16,528.00,-660.00,57.00,0.17,-0.32,0.63,0.68,101789.45,25.69,37.68,
54925840,-7.41,7.75,-0.27,453.00,-800.00,-31.00,0.18,-0.31,0.64,0.68,101790.20,25.62,37.68,
54950623,-6.84,7.71,-0.34,355.00,-893.00,-184.00,0.19,-0.31,0.64,0.68,101790.20,25.62,37.83,
54974538,-6.58,7.18,-0.45,270.00,-951.00,-237.00,0.20,-0.30,0.64,0.68,101816.15,23.48,37.68,
54999013,-6.23,7.55,-0.30,466.00,-1006.00,-173.00,0.21,-0.29,0.64,0.68,101797.84,24.99,37.68,
55023755,-6.88,8.21,-0.78,476.00,-919.00,43.00,0.22,-0.28,0.64,0.68,101790.20,25.62,37.76,
55047711,-6.42,7.92,-0.80,309.00,-819.00,-100.00,0.23,-0.28,0.64,0.68,101805.77,24.34,37.68,
55072757,-6.27,7.05,-0.68,174.00,-832.00,-241.00,0.24,-0.27,0.64,0.68,101804.19,24.47,37.72,
55096671,-5.61,6.69,-0.34,340.00,-847.00,-239.00,0.24,-0.27,0.64,0.68,101798.62,24.93,37.71,
55121150,-5.58,7.58,-0.42,549.00,-679.00,71.00,0.25,-0.26,0.64,0.67,101794.20,25.06,37.68,
55145106,-5.52,7.53,-0.21,348.00,-614.00,134.00,0.25,-0.25,0.65,0.67,101795.79,25.16,37.68,
55169325,-5.66,7.47,-0.23,249.00,-591.00,-69.00,0.26,-0.24,0.65,0.67,101795.04,25.22,37.67,
55193546,-5.76,7.54,-0.16,303.00,-561.00,-258.00,0.26,-0.24,0.65,0.67,101794.23,25.75,37.67,
55218594,-5.45,7.78,-0.04,245.00,-492.00,-116.00,0.27,-0.24,0.65,0.67,101788.62,25.75,37.68,
55242507,-5.21,8.10,0.12,227.00,-447.00,-143.00,0.27,-0.23,0.65,0.67,101800.64,24.76,37.67,
55266726,-5.70,7.69,-0.09,223.00,-364.00,-264.00,0.28,-0.23,0.65,0.67,101790.62,25.59,37.68,
55291201,-6.09,8.06,-0.08,123.00,-303.00,-270.00,0.28,-0.23,0.65,0.66,101797.84,24.99,37.67,
55319119,-6.29,8.15,-0.19,-27.00,-317.00,-276.00,0.28,-0.23,0.65,0.66,101799.83,24.83,37.72,
55342086,-6.23,7.83,-0.11,-45.00,-288.00,-854.00,0.29,-0.23,0.65,0.66,101799.37,24.86,37.67,
55364640,-6.12,7.22,0.08,-58.00,-301.00,-1485.00,0.30,-0.24,0.64,0.66,101796.22,25.13,37.67,
55389120,-6.12,7.15,0.35,-21.00,-248.00,-1742.00,0.32,-0.26,0.64,0.65,101791.44,25.52,37.67,
55413599,-6.52,6.30,0.50,10.00,-351.00,-1808.00,0.34,-0.27,0.63,0.65,101790.62,25.59,37.66,
55437817,-7.28,6.98,0.39,-107.00,-447.00,-1726.00,0.35,-0.28,0.62,0.64,101787.00,25.89,37.66,
55463125,-7.19,6.58,0.51,-246.00,-341.00,-2103.00,0.37,-0.29,0.61,0.63,101798.20,24.96,37.66,
55487300,-7.90,4.91,0.51,-352.00,-237.00,-2117.00,0.39,-0.31,0.60,0.63,101789.02,25.72,37.66,
55512037,-8.87,4.46,0.59,-366.00,-308.00,-1525.00,0.40,-0.33,0.59,0.62,101797.42,25.03,37.66,
55536776,-8.70,4.40,0.30,-257.00,-171.00,-671.00,0.41,-0.33,0.58,0.62,101792.61,25.42,37.66,
55561253,-8.58,3.86,0.29,-86.00,13.00,-264.00,0.41,-0.34,0.58,0.62,101789.80,25.19,37.66,
55584951,-8.92,4.33,0.17,-49.00,39.00,195.00,0.41,-0.34,0.58,0.62,101795.41,25.19,37.66,
55608957,-8.20,3.33,0.28,17.00,57.00,490.00,0.40,-0.34,0.59,0.62,101789.02,25.72,37.66,
55631569,-7.96,3.50,0.46,-1.00,-36.00,946.00,0.40,-0.33,0.59,0.62,101789.80,25.66,37.66,
55655003,-7.69,3.84,0.52,-12.00,10.00,1471.00,0.38,-0.32,0.59,0.63,101789.80,25.66,37.69,
55678699,-7.51,4.18,0.61,197.00,182.00,1247.00,0.37,-0.31,0.60,0.63,101793.80,25.33,37.70,
55702660,-7.78,4.98,0.67,267.00,280.00,1027.00,0.36,-0.31,0.61,0.64,101790.58,25.59,37.73,
55726617,-8.26,5.32,0.66,201.00,294.00,791.00,0.35,-0.30,0.62,0.64,101800.18,24.80,37.74,
55750887,-9.10,5.65,0.43,118.00,220.00,778.00,0.34,-0.30,0.62,0.64,101810.98,23.90,37.77,
55774015,-9.06,5.69,0.35,166.00,80.00,614.00,0.34,-0.29,0.63,0.64,101809.36,24.04,37.79,
55797454,-8.90,5.86,0.53,130.00,-36.00,496.00,0.33,-0.29,0.63,0.64,101818.17,23.31,37.81,
55824494,-8.58,5.85,0.44,166.00,-101.00,246.00,0.33,-0.29,0.63,0.64,101810.94,23.67,37.67,
55846466,-8.50,6.86,0.18,225.00,-88.00,-1.00,0.33,-0.29,0.63,0.64,101799.83,24.83,37.85,
55869111,-8.33,7.01,0.03,149.00,-122.00,-92.00,0.33,-0.29,0.64,0.64,101831.34,22.22,37.88,
55892504,-7.99,7.02,-0.00,49.00,-155.00,-201.00,0.33,-0.29,0.64,0.63,101832.52,22.35,37.88,
55916721,-7.51,6.58,0.10,-62.00,-162.00,-219.00,0.33,-0.29,0.64,0.63,101832.52,22.12,37.86,
55940942,-8.03,6.41,0.02,-99.00,-44.00,-190.00,0.34,-0.29,0.63,0.63,101818.91,22.09,37.84,
55964900,-7.93,7.52,-0.14,-6.00,121.00,-349.00,0.34,-0.29,0.63,0.63,101817.71,23.35,37.83,
55988861,-7.02,6.24,0.17,-124.00,166.00,-1010.00,0.34,-0.30,0.63,0.63,101818.95,23.48,37.81,
56013910,-8.00,5.62,0.25,-541.00,-117.00,-837.00,0.34,-0.31,0.62,0.63,101815.77,23.51,37.79,
56037818,-8.49,5.91,-0.00,-310.00,-345.00,-442.00,0.35,-0.32,0.62,0.63,101809.77,24.00,37.76,
56062559,-8.28,6.81,-0.09,-82.00,-231.00,-623.00,0.35,-0.32,0.61,0.63,101802.97,24.57,37.75,
56087039,-7.40,6.51,0.54,-107.00,-94.00,-1324.00,0.36,-0.33,0.61,0.63,101800.56,24.77,37.73,
56111515,-10.48,4.94,1.52,-680.00,-1093.00,-868.00,0.37,-0.34,0.60,0.62,101797.38,25.03,37.71,
56137089,-13.14,2.92,2.31,-805.00,-3164.00,-218.00,0.39,-0.32,0.58,0.64,101796.99,25.06,37.69,
56161515,-13.09,4.49,1.30,9.00,-2500.00,-675.00,0.41,-0.30,0.56,0.65,101791.00,25.56,37.68,
56185731,-9.32,5.70,2.53,855.00,-2069.00,-1572.00,0.45,-0.29,0.54,0.65,101792.99,25.39,37.86,
56210477,-9.09,2.93,3.60,669.00,-2272.00,-1858.00,0.48,-0.28,0.53,0.64,101818.09,23.55,37.84,
56235216,-9.20,2.51,3.55,298.00,-2208.00,-636.00,0.50,-0.27,0.52,0.64,101812.11,23.81,37.81,
56259695,-8.61,4.55,3.58,257.00,-1680.00,574.00,0.51,-0.25,0.51,0.65,101813.74,23.67,37.80,
56284477,-7.46,2.71,4.06,-138.00,-1574.00,710.00,0.52,-0.23,0.50,0.66,101811.37,24.10,37.77,
56308388,-8.90,3.30,3.62,-539.00,-1861.00,1121.00,0.52,-0.22,0.48,0.67,101801.77,24.43,37.76,
56336472,-8.59,3.93,3.29,-439.00,-1826.00,1392.00,0.52,-0.20,0.47,0.69,101802.19,24.63,37.86,
56359227,-5.58,3.46,3.66,104.00,-1254.00,652.00,0.52,-0.18,0.47,0.69,101818.91,23.25,37.71,
56382091,-4.75,3.18,4.11,480.00,-510.00,-611.00,0.52,-0.17,0.47,0.69,101789.41,25.69,37.69,
56406877,-5.92,4.25,4.58,154.00,-871.00,-269.00,0.53,-0.17,0.46,0.69,101788.20,25.79,37.68,
56430525,-7.19,4.07,4.38,-313.00,-1726.00,1088.00,0.54,-0.16,0.45,0.69,101784.59,26.09,37.68,
56455266,-6.71,4.35,4.42,-250.00,-1911.00,1236.00,0.53,-0.13,0.44,0.71,101787.39,25.86,37.67,
56480008,-4.38,4.61,4.31,212.00,-898.00,10.00,0.54,-0.12,0.44,0.71,101785.83,25.99,37.68,
56503702,-3.14,4.51,5.03,347.00,-443.00,-1153.00,0.55,-0.12,0.44,0.70,101790.20,25.62,37.68,
56528179,-4.04,5.20,6.27,-172.00,-1806.00,-213.00,0.56,-0.11,0.43,0.70,101787.39,25.86,37.68,
56553488,-5.51,5.00,5.20,-647.00,-2166.00,826.00,0.57,-0.09,0.41,0.71,101787.39,25.86,37.75,
56577400,-4.75,4.36,5.08,-673.00,-1824.00,1340.00,0.56,-0.07,0.39,0.73,101798.58,24.93,37.73,
56602140,-3.38,3.82,5.13,329.00,-882.00,619.00,0.56,-0.06,0.38,0.73,101803.80,24.50,37.68,
56626101,-3.68,3.85,6.11,605.00,-1169.00,464.00,0.56,-0.05,0.38,0.73,101781.80,26.32,37.69,
56650315,-3.23,9.01,0.85,1031.00,-1830.00,1317.00,0.56,-0.03,0.38,0.74,101785.41,26.02,37.68,
56675625,-0.30,10.03,5.12,500.00,-2307.00,1344.00,0.55,0.01,0.37,0.75,101792.99,25.39,37.69,
56699539,-1.05,4.21,5.28,483.00,-1975.00,357.00,0.55,0.02,0.37,0.75,101785.41,26.02,37.69,
56723495,-4.48,6.52,4.19,347.00,707.00,849.00,0.55,0.03,0.37,0.75,101788.20,25.79,37.70,
56746930,-4.04,6.45,7.17,357.00,-2097.00,2500.00,0.53,0.05,0.37,0.76,101787.03,25.89,37.69,
56771148,-3.06,0.82,8.44,-250.00,-3915.00,322.00,0.54,0.09,0.34,0.77,101789.02,25.72,37.70,
56795371,1.16,4.87,7.05,-3108.00,-603.00,-1162.00,0.55,0.08,0.32,0.77,101789.83,25.66,37.70,
56820419,-0.27,4.25,4.42,-5425.00,-1976.00,-1793.00,0.58,0.06,0.26,0.77,101792.62,25.42,37.70,
56848156,-14.92,11.36,13.95,-2249.00,1334.00,516.00,0.60,0.02,0.21,0.77,101789.83,25.66,37.70,
56871210,-3.02,3.09,8.27,-10.00,142.00,610.00,0.59,0.01,0.21,0.78,101795.43,25.19,37.69,
56893283,-0.76,2.97,9.00,-1077.00,732.00,-111.00,0.58,-0.01,0.21,0.78,101794.62,25.26,37.70,
56917767,-2.57,2.85,9.21,-1509.00,-40.00,-1065.00,0.59,-0.02,0.20,0.78,101789.83,25.66,37.70,
56943071,-1.39,4.24,8.42,-505.00,-149.00,-235.00,0.60,-0.03,0.19,0.78,101792.62,25.42,37.70,
56966985,-2.29,3.16,8.28,-249.00,-265.00,78.00,0.60,-0.03,0.19,0.78,101789.83,25.66,37.69,
56990941,-1.96,2.73,8.42,-323.00,-154.00,229.00,0.59,-0.03,0.18,0.78,101789.02,25.72,37.69,
57015162,-1.07,2.95,7.65,-757.00,356.00,-238.00,0.59,-0.04,0.18,0.78,101789.02,25.72,37.69,
57039379,-0.78,1.46,8.43,-1366.00,425.00,-127.00,0.59,-0.05,0.17,0.78,101789.02,25.72,37.69,
57064425,-3.16,2.17,8.44,-1545.00,489.00,-386.00,0.59,-0.07,0.16,0.79,101789.02,25.72,37.69,
57088338,-3.12,1.54,8.20,-1827.00,1170.00,-1014.00,0.60,-0.10,0.15,0.78,101785.41,26.02,37.70,
57113340,-2.70,1.72,8.78,-1852.00,1471.00,-579.00,0.60,-0.13,0.14,0.78,101789.83,25.66,37.69,
57138080,-1.93,0.24,8.54,-910.00,131.00,836.00,0.59,-0.14,0.13,0.78,101793.80,25.33,37.69,
57162038,-3.84,-0.23,7.96,-363.00,-252.00,307.00,0.59,-0.14,0.13,0.79,101783.42,26.19,37.72,
57186518,-4.27,0.92,9.30,-904.00,430.00,430.00,0.58,-0.15,0.12,0.79,101790.22,25.62,37.74,
57211041,-5.29,-0.26,8.58,-511.00,738.00,876.00,0.57,-0.16,0.12,0.80,101799.78,24.83,37.77,
57234692,-4.04,-3.31,8.53,-69.00,-219.00,795.00,0.56,-0.17,0.12,0.80,101804.56,24.43,37.70,
57258910,-3.50,1.85,8.18,820.00,-323.00,1223.00,0.55,-0.16,0.13,0.81,101787.03,25.89,37.81,
57283130,-5.37,-0.12,9.83,2390.00,-1868.00,1740.00,0.54,-0.13,0.14,0.82,101808.14,24.14,37.83,
57308131,8.86,17.69,8.99,751.00,-3133.00,2360.00,0.52,-0.09,0.15,0.83,101811.36,23.87,37.70,
57333179,-4.27,-0.85,8.99,-367.00,-2334.00,2532.00,0.50,-0.06,0.13,0.85,101787.78,25.82,37.70,
57361119,-3.30,1.79,9.70,-1653.00,-1116.00,905.00,0.49,-0.05,0.11,0.86,101790.58,25.59,37.70,
57383706,-1.53,1.42,9.38,-145.00,-1648.00,1606.00,0.48,-0.04,0.09,0.87,101784.98,26.06,37.72,
57407088,-1.63,-0.20,5.77,-61.00,-1196.00,632.00,0.47,-0.02,0.09,0.88,101793.02,25.39,37.74,
57431570,0.37,0.63,9.19,-821.00,-1514.00,1100.00,0.46,-0.01,0.07,0.89,101796.20,25.13,37.76,
57456047,1.91,-0.43,10.97,-385.00,-1442.00,947.00,0.45,0.01,0.05,0.89,101790.99,25.56,37.78,
57481094,-0.12,-1.60,7.49,-1818.00,-2513.00,1409.00,0.43,0.03,0.01,0.90,101797.77,25.00,37.81,
57505529,-0.49,-0.49,9.20,-460.00,-544.00,383.00,0.42,0.04,-0.00,0.91,101807.36,24.20,37.71,
57530007,0.42,0.90,11.51,-235.00,107.00,743.00,0.42,0.04,-0.00,0.91,101794.20,25.29,37.84,
57553960,1.33,-1.19,7.04,277.00,334.00,711.00,0.41,0.03,-0.00,0.91,101812.11,23.81,37.86,
57577660,2.01,-1.83,8.04,15.00,283.00,547.00,0.40,0.03,0.00,0.92,101813.31,23.71,37.89,
57601405,2.21,-0.90,9.67,-333.00,-737.00,525.00,0.40,0.03,-0.00,0.92,101817.31,23.38,37.91,
57625059,-2.51,2.76,8.65,-966.00,-2103.00,1095.00,0.39,0.05,-0.02,0.92,101823.30,22.88,37.92,
57649797,1.50,-0.26,8.19,-44.00,419.00,492.00,0.38,0.05,-0.02,0.92,101824.89,22.75,37.91,
57673491,2.12,-0.71,9.07,-80.00,35.00,568.00,0.37,0.05,-0.02,0.93,101824.11,22.82,37.88,
57696934,1.52,-0.96,8.52,-17.00,-115.00,604.00,0.37,0.05,-0.02,0.93,101813.70,23.68,37.87,
57720887,0.63,0.28,8.96,1409.00,1093.00,391.00,0.36,0.04,-0.01,0.93,101814.12,23.64,37.84,
57745417,2.29,-0.19,9.90,1378.00,2361.00,262.00,0.36,0.03,0.02,0.93,101807.33,24.21,37.83,
57768806,4.03,-0.66,12.89,2458.00,5273.00,-804.00,0.36,-0.02,0.07,0.93,101808.56,24.10,37.82,
57793547,-2.88,-0.67,4.89,1610.00,5950.00,-1341.00,0.37,-0.07,0.11,0.92,101808.92,24.07,37.80,
57818545,-3.31,1.98,8.08,546.00,3413.00,138.00,0.37,-0.13,0.14,0.91,101809.34,24.04,37.77,
57842507,-2.45,1.74,8.72,-1057.00,-1395.00,1017.00,0.35,-0.13,0.15,0.91,101800.95,24.73,37.75,
57872525,-2.39,2.41,15.91,-532.00,-1064.00,821.00,0.34,-0.12,0.13,0.92,101803.36,24.53,37.93,
57893604,-3.77,0.42,4.94,-17.00,180.00,731.00,0.33,-0.11,0.13,0.93,101826.48,22.62,37.92,
57915942,-2.86,-0.50,3.55,-90.00,1457.00,317.00,0.33,-0.12,0.13,0.93,101825.70,22.68,37.72,
57940160,-3.16,0.82,9.40,-215.00,859.00,483.00,0.32,-0.14,0.14,0.93,101796.56,25.10,37.72,
57964117,-3.37,1.21,11.31,-283.00,-212.00,524.00,0.31,-0.14,0.13,0.93,101795.81,25.16,37.72,
57988601,-3.80,0.64,8.36,-552.00,-178.00,318.00,0.30,-0.14,0.13,0.93,101793.02,25.39,37.84,
58013388,-3.66,0.87,6.85,-744.00,-148.00,473.00,0.30,-0.14,0.12,0.94,101809.31,24.04,37.82,
58037033,-2.95,0.22,8.67,234.00,1159.00,-40.00,0.30,-0.15,0.12,0.93,101804.13,24.47,37.71,
58060993,-1.81,0.14,9.27,-406.00,230.00,172.00,0.29,-0.16,0.12,0.93,101788.59,25.76,37.72,
58084952,-2.75,0.34,8.54,-509.00,-388.00,137.00,0.29,-0.16,0.12,0.94,101790.22,25.39,37.76,
58109171,-4.19,0.63,8.18,-662.00,-40.00,-171.00,0.29,-0.16,0.11,0.94,101799.39,24.86,37.72,
58133956,-4.20,0.41,8.29,-202.00,639.00,-886.00,0.30,-0.17,0.10,0.93,101790.97,25.56,37.71,
58157611,-3.11,0.22,8.82,256.00,171.00,-451.00,0.30,-0.18,0.11,0.93,101789.41,25.69,37.72,
58181569,-3.07,0.02,9.17,249.00,-326.00,-164.00,0.31,-0.17,0.11,0.93,101790.97,25.33,37.71,
58205786,-3.96,0.30,9.23,-451.00,-209.00,-31.00,0.31,-0.17,0.10,0.93,101788.59,25.76,37.71,
58230007,-3.35,-0.46,9.07,-442.00,-255.00,55.00,0.31,-0.17,0.09,0.93,101786.61,25.92,37.72,
58254223,-3.42,-0.85,8.71,58.00,-230.00,87.00,0.31,-0.17,0.09,0.93,101787.42,25.85,37.72,
58278491,-3.40,-0.12,8.83,132.00,-69.00,171.00,0.30,-0.17,0.09,0.93,101790.22,25.62,37.72,
58301881,-4.29,0.48,8.39,253.00,307.00,373.00,0.30,-0.17,0.10,0.93,101790.97,25.56,37.72,
58325574,-4.44,0.38,8.52,515.00,276.00,249.00,0.30,-0.18,0.10,0.93,101787.42,25.85,37.72,
58349274,-3.13,-0.24,8.38,498.00,103.00,186.00,0.30,-0.18,0.11,0.93,101787.42,25.85,37.72,
58376483,-2.42,-0.18,7.81,-12.00,278.00,75.00,0.29,-0.18,0.12,0.93,101793.02,25.39,37.72,
58398854,-3.72,1.59,8.30,257.00,38.00,527.00,0.29,-0.18,0.12,0.93,101788.17,25.79,37.75,
58420366,-4.63,1.12,7.85,388.00,191.00,535.00,0.28,-0.18,0.12,0.93,101794.97,25.23,37.77,
58444064,-5.21,1.57,8.82,382.00,126.00,-4.00,0.28,-0.19,0.13,0.93,101798.16,24.97,37.81,
58467504,-3.51,0.60,8.19,-5.00,290.00,-438.00,0.29,-0.19,0.13,0.93,101798.95,24.90,37.82,
58491205,-3.72,0.88,8.21,-464.00,466.00,129.00,0.29,-0.20,0.13,0.93,101804.13,24.47,37.85,
58515160,-3.55,0.37,8.91,-15.00,858.00,324.00,0.28,-0.21,0.13,0.93,101808.13,24.14,37.87,
58539426,-3.99,1.45,6.80,64.00,1164.00,181.00,0.27,-0.22,0.13,0.93,101808.52,24.11,37.88,
58562556,-4.83,1.27,7.53,95.00,1828.00,-180.00,0.27,-0.24,0.14,0.92,101813.70,23.45,37.90,
58586512,-5.10,0.62,7.67,533.00,2135.00,-348.00,0.27,-0.27,0.15,0.91,101819.69,23.18,37.94,
58610736,-5.77,1.08,7.83,925.00,1748.00,313.00,0.27,-0.29,0.17,0.90,101828.08,22.49,37.95,
58634695,-7.39,1.48,7.00,549.00,858.00,667.00,0.27,-0.29,0.18,0.90,101826.88,22.59,37.93,
58658387,-6.61,1.31,7.35,-308.00,1566.00,209.00,0.26,-0.31,0.19,0.90,101826.48,22.62,37.91,
58683180,-6.75,1.59,9.01,347.00,1399.00,720.00,0.25,-0.33,0.19,0.89,101817.70,23.12,37.89,
58706568,-6.90,1.37,8.39,1313.00,1355.00,876.00,0.24,-0.34,0.22,0.88,101817.31,23.38,37.86,
58730788,-7.64,1.48,5.86,2168.00,2434.00,1010.00,0.23,-0.35,0.24,0.87,101807.71,24.17,37.86,
58755263,-7.04,1.82,3.48,2969.00,4135.00,1042.00,0.22,-0.39,0.29,0.85,101809.70,24.01,37.83,
58779742,-8.25,2.72,3.27,2029.00,4140.00,560.00,0.21,-0.43,0.34,0.81,101804.95,24.40,37.81,
58804528,-8.87,2.66,3.40,1472.00,4105.00,467.00,0.19,-0.47,0.37,0.78,101796.94,25.07,37.79,
58828181,-10.46,3.42,3.18,1503.00,4094.00,304.00,0.17,-0.51,0.40,0.74,101801.38,24.70,37.76,
58852659,-10.31,4.25,2.94,2388.00,5518.00,1775.00,0.15,-0.54,0.43,0.71,101797.38,25.03,37.74,
58880916,-8.30,3.75,1.23,3607.00,4187.00,2903.00,0.11,-0.56,0.51,0.64,101785.01,26.05,37.93,
58903240,-5.22,3.19,-1.70,3347.00,4153.00,2418.00,0.10,-0.57,0.55,0.60,101816.09,23.48,37.74,
58926619,-3.63,2.86,-2.55,2505.00,3957.00,705.00,0.07,-0.59,0.59,0.55,101793.41,25.36,37.74,
58951668,-5.64,4.47,-3.09,1883.00,3317.00,-78.00,0.06,-0.61,0.61,0.50,101787.80,25.82,37.73,
58975576,-8.26,6.79,-3.27,1065.00,1313.00,746.00,0.05,-0.62,0.61,0.49,101789.80,25.66,37.74,
59000057,-7.01,5.77,-4.26,902.00,-291.00,2261.00,0.05,-0.61,0.64,0.48,101790.61,25.59,37.73,
59024535,-6.80,4.07,-6.60,1098.00,616.00,1328.00,0.04,-0.59,0.66,0.47,101789.80,25.66,37.73,
59049018,-6.49,5.20,-6.46,1151.00,1763.00,319.00,0.04,-0.59,0.67,0.44,101789.80,25.66,37.74,
59074061,-7.07,6.59,-4.46,1000.00,1104.00,111.00,0.03,-0.60,0.68,0.42,101791.39,25.53,37.76,
59097974,-7.88,7.36,-3.77,954.00,-561.00,715.00,0.03,-0.60,0.69,0.42,101797.38,25.03,37.74,